ParName   Value   Gradient
theta[1]     0.284837 -0.000297339
theta[2]      0.27784 -6.87955e-05
theta[5]      13.8293   0.00234645
theta[13]      10.5285  3.26722e-06
theta[14]      10.5435  7.44383e-06
theta[15]      10.6284 -1.25216e-06
theta[16]      11.0816 -3.63889e-06
theta[17]      11.7447 -3.92165e-06
theta[18]      12.3051 -3.45652e-06
theta[19]      12.6723 -6.91832e-06
theta[20]      12.6738 -9.27388e-07
theta[21]      12.5115 -3.73315e-06
theta[22]      12.5121  1.53256e-06
theta[23]      12.5253  7.05481e-06
theta[24]      12.3596   -4.629e-06
theta[25]      12.2356 -1.90671e-05
theta[26]      12.1732 -5.74274e-05
theta[27]      12.2503 -9.22241e-05
theta[28]       12.234 -2.40409e-05
theta[29]      11.9498 -2.31839e-05
theta[30]      11.4405 -3.54493e-05
theta[31]      10.5859 -1.67384e-05
theta[32]      9.55711 -8.70984e-06
theta[33]      8.60686 -1.43846e-06
theta[34]      8.05836 -7.13552e-06
theta[35]      11.8704 -3.91474e-07
theta[36]      12.0138  2.53538e-06
theta[37]      12.7599  2.02445e-05
theta[38]       13.305  2.31095e-05
theta[39]      12.7085  8.40707e-06
theta[40]      12.7718  1.55286e-06
theta[41]      12.6758 -1.43842e-05
theta[42]      12.4182 -1.13182e-05
theta[43]      12.2292 -3.65796e-06
theta[44]      12.0288 -1.76792e-05
theta[45]      11.6356 -2.09646e-05
theta[46]      11.3031 -1.06864e-05
theta[47]      11.1333 -1.02901e-05
theta[48]      10.6095 -1.13393e-05
theta[49]      9.65846 -5.18869e-06
theta[50]      8.70078 -3.88835e-06
theta[51]      7.88593 -3.21888e-06
theta[52]      7.27741 -2.42917e-06
theta[53]      6.84632  6.40043e-06
theta[54]      6.54953  1.27308e-06
theta[55]      6.35965  4.37141e-06
theta[56]      6.26685  -4.5225e-06
theta[57]      13.6096 -3.51562e-06
theta[58]      13.6009 -1.05394e-06
theta[59]      13.6084  4.91288e-06
theta[60]      13.8179  5.32876e-06
theta[61]      14.5886  7.43299e-06
theta[62]      14.7552  7.98656e-05
theta[63]      13.8516  2.35841e-05
theta[64]       12.644 -9.01715e-06
theta[65]      11.4938 -1.05071e-05
theta[66]      10.2657  -2.2439e-05
theta[67]       9.5126 -1.78984e-05
theta[68]      9.07505 -1.65914e-05
theta[69]      8.82893 -1.06428e-05
theta[70]      8.63348 -1.14973e-05
theta[71]      8.45021 -2.14049e-05
theta[72]      8.26507 -1.36051e-05
theta[73]      8.12032 -1.11565e-05
theta[74]      8.00813 -7.61041e-06
theta[75]      7.92307 -1.62668e-05
theta[76]      7.86161 -1.34022e-05
theta[77]      7.82153 -1.84198e-05
theta[78]      7.80154 -1.91648e-05
theta[79]     -11.8382 -7.35262e-07
theta[80]     -11.8499    3.572e-07
theta[81]      -11.913 -4.19947e-06
theta[82]     -11.8916  2.57771e-06
theta[83]     -11.7852  5.50187e-06
theta[84]     -11.6392  8.40792e-06
theta[85]     -12.8531 -6.15171e-06
theta[86]     -14.1704 -6.45118e-06
theta[87]     -15.2106 -1.78527e-07
theta[88]     -15.9701 -4.20829e-06
theta[89]     -16.4614 -3.00655e-07
theta[90]     -16.7767  1.27088e-06
theta[91]     -17.0152  -2.2992e-06
theta[92]     -17.1966  3.40793e-07
theta[93]     -17.3387  1.98443e-06
theta[94]     -17.4515 -1.61474e-06
theta[95]     -17.5412  9.08153e-07
theta[96]     -17.6116  2.51974e-06
theta[97]     -17.6655 -3.04702e-06
theta[98]     -17.7045  1.83076e-06
theta[99]       -17.73  7.50912e-07
theta[100]     -17.7426  1.61361e-07
Grwth[1]       2.2296  0.000235843
Grwth[2]    -0.215193  -0.00046752
Grwth[4]    -0.155211  8.34534e-05
Grwth[5]    -0.297817 -0.000248881
Grwth[10]    0.0362488 -7.89944e-07
Grwth[11]     0.063857 -8.56516e-06
Grwth[12]      0.10067 -9.30038e-06
Grwth[13]     0.144062 -1.03324e-05
Grwth[14]     0.202552 -9.37325e-06
Grwth[15]     0.215062 -1.31998e-05
Grwth[16]      0.24041 -5.31948e-06
Grwth[17]     0.278585 -4.79479e-06
Grwth[18]      0.27614 -6.70812e-06
Grwth[19]     0.244775 -1.72184e-05
Grwth[20]     0.257408 -1.59701e-05
Grwth[21]      0.42344 -1.84298e-05
Grwth[22]     0.819553  2.22981e-06
Grwth[30]    0.0446432 -7.77939e-07
Grwth[31]    0.0637665 -8.16146e-07
Grwth[32]     0.434983 -1.19911e-05
Grwth[33]     0.765009 -1.85367e-05
Grwth[34]     0.921798 -4.16468e-05
Grwth[35]     0.955882 -3.96387e-05
log_slx_pars[1]      4.63159  0.000648937
log_slx_pars[2]      1.58517 -0.000203254
log_slx_pars[3]      4.26105  -0.00096148
log_slx_pars[4]      0.97951   0.00015126
log_slx_pars[5]      4.53903 -0.000121521
log_slx_pars[6]      2.18767  1.97205e-05
log_slx_pars[7]      3.75773 -3.46495e-06
log_slx_pars[8]      2.04434 -3.96105e-06
log_slx_pars[9]      3.94505 -0.000176685
log_slx_pars[10]      1.26803  1.92705e-05
log_slx_pars[11]      3.72259 -5.30452e-06
log_slx_pars[12]      1.63997  7.63217e-06
log_slx_pars[13]      3.86081 -5.77523e-05
log_slx_pars[14]      1.27273  1.34676e-05
log_slx_pars[15]     -3.93192  8.00349e-07
log_slx_pars[16]     -3.93193 -6.10829e-07
log_slx_pars[17]     -3.93177 -3.34746e-07
log_slx_pars[18]     -3.92642 -5.00301e-07
log_slx_pars[19]     -3.90598 -5.40886e-07
log_slx_pars[20]     -3.76214    1.582e-07
log_slx_pars[21]     -3.41269 -5.72157e-07
log_slx_pars[22]     -2.94751 -1.65514e-08
log_slx_pars[23]     -2.51717 -1.48582e-06
log_slx_pars[24]     -2.07177  7.51039e-07
log_slx_pars[25]     -1.88031 -3.68093e-07
log_slx_pars[26]      -1.6929  2.17712e-07
log_slx_pars[27]     -1.26898  -5.4133e-07
log_slx_pars[28]    -0.901558  3.89752e-07
log_slx_pars[29]     -1.00756 -2.03124e-06
log_slx_pars[30]     -1.46008  3.10118e-07
log_slx_pars[31]     -1.70253  4.31126e-06
log_slx_pars[32]     -1.80585 -2.83153e-06
log_slx_pars[33]     -1.76794 -1.41392e-06
log_slx_pars[34]     -1.58536  9.84928e-07
log_slx_pars[35]     -1.47872  8.71852e-07
log_slx_pars[36]     -1.40417 -8.01099e-07
log_slx_pars[37]      -3.2888 -5.34875e-07
log_slx_pars[38]     -3.29006 -3.36924e-07
log_slx_pars[39]     -3.34699  7.97592e-07
log_slx_pars[40]     -3.57013 -4.56769e-07
log_slx_pars[41]     -3.69176 -1.15234e-06
log_slx_pars[42]      -2.7682  7.33207e-07
log_slx_pars[43]     -2.24615 -2.67395e-07
log_slx_pars[44]     -2.01403  1.11993e-06
log_slx_pars[45]     -2.06896  7.69418e-08
log_slx_pars[46]     -2.25925 -6.06134e-07
log_slx_pars[47]     -2.31959 -4.55107e-07
log_slx_pars[48]     -2.31598 -9.06799e-08
log_slx_pars[49]     -2.31534 -5.89726e-08
log_slx_pars[50]      -2.3153 -1.14529e-07
log_slx_pars[51]     -2.31528 -3.48628e-07
log_slx_pars[52]     -2.31526  7.66527e-07
log_slx_pars[53]     -2.31525 -2.31226e-07
log_slx_pars[54]     -2.31524  1.43369e-07
log_slx_pars[55]     -2.31523 -7.10195e-08
log_slx_pars[56]     -2.31523  1.14576e-06
log_slx_pars[57]     -2.31522  5.49168e-07
log_slx_pars[58]     -2.31522 -1.00273e-06
log_slx_pars[61] -1.00839e-06 -5.48643e-07
log_slx_pars[62]     -0.34066 -9.07358e-08
log_slx_pars[63]    -0.667168  1.94516e-06
log_slx_pars[64]    -0.342682 -1.94756e-06
log_slx_pars[69]    -0.402121  2.44035e-06
log_slx_pars[70]     -0.49196  -1.0295e-06
log_slx_pars[71]    -0.565869  -1.7891e-08
log_slx_pars[72]    -0.676588 -6.09051e-07
log_slx_pars[73]    -0.596117  2.74753e-07
log_slx_pars[74]    -0.572907 -6.80951e-07
log_slx_pars[75]    -0.621022  9.22957e-07
log_slx_pars[76]    -0.746037  4.37087e-08
log_slx_pars[77]    -0.825678  1.14886e-06
log_slx_pars[78]    -0.798435 -9.62833e-07
log_slx_pars[79]    -0.735051 -1.63101e-07
log_slx_pars[80]    -0.665627  6.84926e-07
log_slx_pars[81]    -0.598682 -1.04351e-06
log_slx_pars[82]    -0.569767  -3.9066e-07
log_slx_pars[83]    -0.434461 -1.02837e-06
log_slx_pars[84]     -1.05755 -9.01834e-08
log_slx_pars[85]     -1.35078  1.08528e-06
log_slx_pars[86]    -0.726764  7.02957e-07
log_slx_pars[87]      -0.4104  7.65652e-07
log_slx_pars[88]    -0.560517  1.43812e-06
log_slx_pars[89]    -0.601542  1.37953e-06
log_slx_pars[90]    -0.764918  1.37143e-06
log_slx_pars[91]    -0.695132  7.91974e-07
log_slx_pars[92]    -0.714027  4.59816e-07
log_slx_pars[93]      -0.7107 -6.81305e-07
log_slx_pars[94]    -0.708439  3.76914e-07
log_slx_pars[95]    -0.708193 -1.29752e-06
log_slx_pars[96]    -0.708165  7.01217e-07
log_slx_pars[97]    -0.708148  8.50704e-07
log_slx_pars[98]    -0.708134 -8.13536e-07
log_slx_pars[99]    -0.708123  1.75428e-07
log_slx_pars[100]    -0.708113  7.33532e-07
log_slx_pars[101]    -0.708105  7.90356e-09
log_slx_pars[102]    -0.708099  2.70264e-07
log_slx_pars[103]    -0.708095  7.89587e-07
log_slx_pars[104]    -0.708093 -5.37963e-07
log_slx_pars[107]      4.58032  -0.00137554
log_slx_pars[108]     0.312667 -4.42726e-05
log_fbar[1]     -1.04959  0.000157182
log_fbar[2]     -6.59055  0.000149822
log_fdev[1](1)     -1.67879 -3.99518e-05
log_fdev[1](2)     -1.70197  -7.2568e-05
log_fdev[1](3)     -0.89109 -8.34542e-05
log_fdev[1](4)    -0.441955 -9.33168e-05
log_fdev[1](5)    -0.265164 -6.39956e-05
log_fdev[1](6)     0.103054 -2.68951e-05
log_fdev[1](7)     0.142228  3.59795e-05
log_fdev[1](8)     0.121789  3.10169e-05
log_fdev[1](9)     0.830642  3.35165e-05
log_fdev[1](10)       0.8823  3.18776e-05
log_fdev[1](11)      1.03225   3.7762e-05
log_fdev[1](12)     0.730291   2.5676e-05
log_fdev[1](13)     0.349208 -2.32517e-05
log_fdev[1](14)    0.0990517 -1.00067e-05
log_fdev[1](15)     0.125597  2.39948e-06
log_fdev[1](16)     0.462735  2.02722e-05
log_fdev[1](17)     0.448579  4.53366e-05
log_fdev[1](18)      -1.1155 -2.15917e-05
log_fdev[1](19)     -1.00385 -3.53779e-05
log_fdev[1](20)    -0.292225 -3.75985e-05
log_fdev[1](21)    -0.501091 -3.72151e-05
log_fdev[1](22)     -1.01797 -3.09565e-05
log_fdev[1](23)    -0.958368 -7.37128e-05
log_fdev[1](24)    -0.304288 -7.53799e-05
log_fdev[1](25)    -0.369443 -6.53896e-05
log_fdev[1](26)    -0.147003 -1.79282e-05
log_fdev[1](27)    -0.429985  3.88244e-05
log_fdev[1](28)    -0.743606  5.99932e-05
log_fdev[1](29)    -0.702677  3.08406e-05
log_fdev[1](30)     0.256644  3.59628e-05
log_fdev[1](31)     0.515603  3.70562e-05
log_fdev[1](32)     0.601983  4.85402e-05
log_fdev[1](33)     0.924339   5.6469e-05
log_fdev[1](34)       0.6951  5.14698e-05
log_fdev[1](35)   -0.0268001 -1.51437e-05
log_fdev[1](36)    -0.320219 -4.45914e-05
log_fdev[1](37)     0.381099  3.71708e-05
log_fdev[1](38)      1.77355  0.000109137
log_fdev[1](39)      2.75832 -0.000112434
log_fdev[1](40)    -0.322374  0.000339101
log_fdev[2](1)    -0.229472  8.62318e-06
log_fdev[2](2)    0.0174143  4.02921e-06
log_fdev[2](3)    0.0553104 -2.25027e-06
log_fdev[2](4)   -0.0232465 -3.16473e-06
log_fdev[2](5)     -9.11046  4.88696e-06
log_fdev[2](6)     -4.88652  2.40067e-06
log_fdev[2](7)     -5.33608  4.11098e-06
log_fdev[2](8)     -1.50022  1.02447e-05
log_fdev[2](9)     0.445536  6.69892e-06
log_fdev[2](10)       1.3454  8.72104e-06
log_fdev[2](11)      2.06653  4.85042e-06
log_fdev[2](12)      1.98193  4.09891e-06
log_fdev[2](13)      2.61409 -1.88767e-06
log_fdev[2](14)      1.38532  2.47771e-06
log_fdev[2](15)     0.616088  5.38327e-06
log_fdev[2](16)     0.752452 -3.03369e-07
log_fdev[2](17)      0.55857  3.50508e-06
log_fdev[2](18)     0.723156  3.23644e-08
log_fdev[2](19)     0.831337 -4.38347e-06
log_fdev[2](20)     0.734747 -9.43662e-06
log_fdev[2](21)     0.120896  -9.9555e-06
log_fdev[2](22)      1.01365   -1.283e-05
log_fdev[2](23)      1.37925 -7.44118e-06
log_fdev[2](24)     0.305757 -3.27402e-06
log_fdev[2](25)     0.873414 -6.19805e-06
log_fdev[2](26)    -0.179997 -8.56027e-06
log_fdev[2](27)    -0.315993  3.49839e-06
log_fdev[2](28)     0.624877  8.51952e-06
log_fdev[2](29)    -0.484895  3.53978e-06
log_fdev[2](30)    -0.127583  8.60102e-06
log_fdev[2](31)     0.555474 -1.19233e-06
log_fdev[2](32)   0.00684818  -7.8323e-08
log_fdev[2](33)      0.31604  5.70351e-06
log_fdev[2](34)     0.447144 -3.00922e-06
log_fdev[2](35)    -0.373881 -7.10069e-06
log_fdev[2](36)     -1.00798 -2.78443e-06
log_fdev[2](37)     0.689287  1.07804e-05
log_fdev[2](38)      1.76795  3.39041e-05
log_fdev[2](39)      1.16982  4.56947e-05
log_fdev[2](40)     0.384272  5.32539e-05
log_fdev[2](41)    -0.206244   6.0987e-05
log_foff[1]      -5.9174   0.00030024
log_fdov[1](1)       1.5071 -2.57495e-05
log_fdov[1](2)      1.45263 -2.38869e-05
log_fdov[1](3)     0.909473 -2.98164e-05
log_fdov[1](4)     0.735391 -2.50698e-05
log_fdov[1](5)      1.54823 -1.63714e-05
log_fdov[1](6)     0.964342  9.45677e-06
log_fdov[1](7)     0.278956  3.17505e-05
log_fdov[1](8)     0.272602  2.45182e-05
log_fdov[1](9)    -0.293825  1.28262e-05
log_fdov[1](10)   0.00305915  1.17083e-05
log_fdov[1](11)     0.795498  1.92475e-05
log_fdov[1](12)     0.875648  9.87438e-06
log_fdov[1](13)      1.03485  1.96542e-06
log_fdov[1](14)   -0.0206857  1.03788e-05
log_fdov[1](15)      1.42035 -8.31812e-07
log_fdov[1](16)     -1.38529 -4.95429e-06
log_fdov[1](17)    -0.971422 -1.67601e-06
log_fdov[1](18)     -1.93741 -1.45915e-05
log_fdov[1](19)     -1.84394  -5.5689e-06
log_fdov[1](20)     -2.58637  1.41618e-06
log_fdov[1](21)   -0.0741911  1.57851e-05
log_fdov[1](22)     -1.32006  9.89162e-06
log_fdov[1](23)     -1.14424 -4.06605e-06
log_fdov[1](24)    -0.617349  5.59902e-06
log_fdov[1](25)     -2.12077  1.45548e-05
log_fdov[1](26)      0.14401  9.70345e-06
log_fdov[1](27)      0.30595  8.01321e-06
log_fdov[1](28)     0.748545  1.15158e-05
log_fdov[1](29)      0.34096  1.38505e-05
log_fdov[1](30)      2.28716  1.81428e-05
log_fdov[1](31)   -0.0395324  2.27829e-05
log_fdov[1](32)     0.804426  3.13561e-05
log_fdov[1](33)      1.58122  2.55386e-05
log_fdov[1](34)       1.1013  2.46779e-05
log_fdov[1](35)     0.736076  2.28737e-05
log_fdov[1](36)      1.01936  8.97801e-06
log_fdov[1](37)  -0.00999858  2.20445e-05
log_fdov[1](38)    -0.265912   3.3412e-05
log_fdov[1](39)     -3.48946  -2.7431e-06
log_fdov[1](40)     -2.74668 -3.07569e-05
rec_dev_est(1982)      0.53392   4.2717e-05
rec_dev_est(1983)     0.171966  2.16218e-05
rec_dev_est(1984)     0.900414  4.32306e-05
rec_dev_est(1985)      2.87207   0.00017813
rec_dev_est(1986)      1.40456  2.68737e-05
rec_dev_est(1987)     0.426189  -5.6452e-05
rec_dev_est(1988)     -0.77414 -7.48768e-07
rec_dev_est(1989)   -0.0950447 -6.39233e-06
rec_dev_est(1990)     0.828461  -4.7951e-05
rec_dev_est(1991)      1.26091  -0.00011774
rec_dev_est(1992)     0.971657 -9.18075e-05
rec_dev_est(1993)     0.994937 -2.08955e-05
rec_dev_est(1994)    -0.734165 -1.24607e-05
rec_dev_est(1995)      -2.3254 -2.12254e-05
rec_dev_est(1996)     -2.58577 -2.05116e-05
rec_dev_est(1997)    0.0447147 -0.000294356
rec_dev_est(1998)     0.744526  1.48133e-05
rec_dev_est(1999)    -0.350457 -4.04651e-05
rec_dev_est(2000)     -1.38372 -1.71569e-05
rec_dev_est(2001)  -0.00231999  -2.5443e-05
rec_dev_est(2002)    0.0144743  3.33015e-05
rec_dev_est(2003)       1.6918  0.000104274
rec_dev_est(2004)     0.177232  2.35116e-05
rec_dev_est(2005)     -2.01543 -1.90786e-06
rec_dev_est(2006)     -2.92884 -5.67813e-06
rec_dev_est(2007)     -1.24456 -9.40996e-06
rec_dev_est(2008)      2.14711  0.000194571
rec_dev_est(2009)     0.171023  1.30437e-05
rec_dev_est(2010)    -0.142282 -3.98131e-05
rec_dev_est(2011)     0.360952 -4.57883e-06
rec_dev_est(2012)     -0.51129  1.38768e-06
rec_dev_est(2013)     -0.69886  5.08246e-05
rec_dev_est(2014)      1.45129  0.000561066
rec_dev_est(2015)      1.80911  0.000503916
rec_dev_est(2016)      3.09961  0.000452957
rec_dev_est(2017)     0.591543  1.32556e-06
rec_dev_est(2018)    -0.570718 -1.81704e-06
rec_dev_est(2019)    -0.732838 -8.37499e-06
rec_dev_est(2020)     -0.68606 -1.39007e-05
rec_dev_est(2021)    -0.876981  -7.5333e-06
rec_dev_est(2022)     -1.53839  1.08341e-07
logit_rec_prop_est(1982)      3.62275 -4.62279e-05
logit_rec_prop_est(1983)      2.15873 -6.79711e-05
logit_rec_prop_est(1984)     0.514434 -5.30797e-05
logit_rec_prop_est(1985)     -1.74986 -0.000248395
logit_rec_prop_est(1986)     -2.68979 -0.000140719
logit_rec_prop_est(1987)      1.07955 -0.000139253
logit_rec_prop_est(1988)     -2.17053 -9.03932e-05
logit_rec_prop_est(1989)    -0.422897 -0.000162456
logit_rec_prop_est(1990)     0.889256 -0.000136511
logit_rec_prop_est(1991)     0.574456 -0.000449791
logit_rec_prop_est(1992)    -0.746923 -0.000662614
logit_rec_prop_est(1993)     -2.81179 -0.000224045
logit_rec_prop_est(1994)     -2.51736 -0.000147433
logit_rec_prop_est(1995)      1.28118 -0.000122828
logit_rec_prop_est(1996)      2.83406 -8.08538e-05
logit_rec_prop_est(1997)      5.30394 -9.09162e-05
logit_rec_prop_est(1998)     -3.83161 -0.000130926
logit_rec_prop_est(1999)    -0.996379 -0.000366884
logit_rec_prop_est(2000)     0.710142 -0.000138028
logit_rec_prop_est(2001)      3.60931 -6.02382e-05
logit_rec_prop_est(2002)      2.32066 -3.77013e-05
logit_rec_prop_est(2003)     -2.09294 -9.50043e-05
logit_rec_prop_est(2004)   -0.0504549 -2.78294e-05
logit_rec_prop_est(2005)     0.146123 -8.29139e-05
logit_rec_prop_est(2006)      1.14746 -6.24818e-05
logit_rec_prop_est(2007)      2.49911 -6.63013e-05
logit_rec_prop_est(2008)     -2.58091 -0.000140017
logit_rec_prop_est(2009)     -2.61678  -0.00014019
logit_rec_prop_est(2010)     -1.03455 -0.000408832
logit_rec_prop_est(2011)     -1.62127 -0.000265447
logit_rec_prop_est(2012)      2.16133 -8.00683e-05
logit_rec_prop_est(2013)      1.77913 -5.34761e-06
logit_rec_prop_est(2014)      1.12623   0.00101785
logit_rec_prop_est(2015)     0.358179   0.00165313
logit_rec_prop_est(2016)     -1.19874   0.00270124
logit_rec_prop_est(2017)     -3.47069 -4.51362e-05
logit_rec_prop_est(2018)     -3.28532 -5.02593e-05
logit_rec_prop_est(2019)      -4.0862  -6.1219e-05
logit_rec_prop_est(2020)     0.346537 -0.000111778
logit_rec_prop_est(2021)      2.81735 -6.27136e-05
logit_rec_prop_est(2022)      2.69507 -7.24745e-05
m_dev_est[1]      1.76641 -7.51169e-06
m_dev_est[2]      2.39272 -5.27597e-05
m_dev_est[4]     0.618148 -7.28242e-05
m_dev_est[5]      2.23803 -0.000354972
m_dev_est[7]     0.810779  -3.4531e-06
m_dev_est[8]      1.88108 -3.97805e-07
m_dev_est[10]      2.51009 -1.23116e-06
m_dev_est[11]       2.4901  2.93417e-07
m_mat_mult[1]  -0.00668255  -0.00140015
m_mat_mult[2]    0.0616348 -0.000137523
survey_q[1]      0.32217  1.47035e-05
survey_q[2]     0.367936  2.76343e-06
survey_q[3]     0.221961  2.72619e-06
survey_q[4]     0.491991  5.07336e-08
