ParName   Value   Gradient
theta[1]     0.291988  0.000132263
theta[2]     0.280087 -2.17465e-05
theta[5]      6.92889  -0.00140193
theta[13]      11.7617  -1.9121e-06
theta[14]      11.7784 -1.67669e-06
theta[15]      11.8654  2.10457e-06
theta[16]      12.3183  4.63727e-06
theta[17]      12.9272 -3.50878e-06
theta[18]      13.3901 -6.06672e-06
theta[19]      13.6785  5.42323e-06
theta[20]      13.6219  9.47282e-06
theta[21]      13.3047  6.64364e-06
theta[22]      13.2124 -2.82942e-06
theta[23]       13.241  8.47595e-08
theta[24]      13.0788  1.34067e-06
theta[25]      12.9985  6.01327e-06
theta[26]      13.1939  5.41428e-05
theta[27]      13.4846  9.30095e-05
theta[28]      13.1021  8.56404e-05
theta[29]      12.5453  7.87074e-05
theta[30]      11.9157  0.000123828
theta[31]      11.0031  4.77292e-05
theta[32]      9.88536  2.91778e-05
theta[33]      8.85029  1.68331e-05
theta[34]      8.26885  2.31082e-06
theta[35]      12.5695  6.47399e-05
theta[36]      12.6623  5.21069e-05
theta[37]      13.3306  9.24853e-05
theta[38]      13.7178  3.19449e-05
theta[39]      13.2727 -4.05786e-05
theta[40]      13.3828 -6.69141e-05
theta[41]      13.3255 -7.69903e-05
theta[42]      13.0798 -7.34556e-05
theta[43]      12.8808 -4.38025e-05
theta[44]      12.6984 -8.01793e-06
theta[45]      12.2245  6.80212e-06
theta[46]      11.6388  6.19132e-06
theta[47]      11.2343  1.96971e-05
theta[48]      10.6419   1.9536e-05
theta[49]        9.661  1.17298e-05
theta[50]      8.68065  4.57662e-06
theta[51]       7.8898  1.34957e-06
theta[52]      7.30616 -6.78821e-07
theta[53]       6.8939   2.3014e-06
theta[54]      6.61293   3.4199e-06
theta[55]      6.43508  1.35146e-06
theta[56]      6.34827  2.22221e-07
theta[57]      12.7972  3.38434e-06
theta[58]      12.7991 -4.68133e-06
theta[59]      12.8167 -1.00525e-06
theta[60]       13.064  1.31739e-05
theta[61]      13.8313  1.84354e-06
theta[62]      14.1355  2.27316e-05
theta[63]      13.4024  3.02493e-05
theta[64]      12.2367   2.6406e-05
theta[65]      11.0967  3.74037e-06
theta[66]      9.88373  9.93647e-07
theta[67]      9.11689  8.19861e-06
theta[68]      8.62481  1.04455e-06
theta[69]      8.32479  1.98302e-06
theta[70]      8.08244  4.55084e-06
theta[71]      7.86453  4.45931e-06
theta[72]      7.65258  4.00375e-06
theta[73]      7.47178  3.44151e-06
theta[74]      7.31979  3.52091e-06
theta[75]      7.19625  4.35087e-06
theta[76]      7.10175  6.69541e-07
theta[77]      7.03719  1.75749e-06
theta[78]      7.00371  7.47434e-06
theta[79]      6.78668 -2.81014e-07
theta[80]      6.77053 -1.64863e-05
theta[81]      6.64204  1.12256e-05
theta[82]      6.55439  4.20991e-06
theta[83]      6.63664 -1.38919e-05
theta[84]      6.89774  4.56361e-06
theta[85]      5.79224 -3.57357e-06
theta[86]      4.52364 -9.25398e-07
theta[87]      3.50384 -6.83349e-06
theta[88]      2.75332 -2.21769e-06
theta[89]       2.2657  2.05654e-06
theta[90]      1.95169 -9.32186e-08
theta[91]       1.7138  6.54388e-07
theta[92]      1.53261 -3.93363e-06
theta[93]      1.39052  1.06107e-06
theta[94]      1.27765  2.75746e-06
theta[95]       1.1879 -2.48921e-06
theta[96]      1.11735 -1.23811e-06
theta[97]      1.06339  1.75151e-06
theta[98]      1.02422 -2.09981e-06
theta[99]     0.998704  7.75666e-07
theta[100]     0.986112 -2.06922e-07
Grwth[1]      2.35479  0.000286423
Grwth[2]    -0.211672 -0.000479652
Grwth[4]     0.477529  5.91921e-05
Grwth[5]    -0.270781 -9.61788e-05
log_slx_pars[1]      4.66214 -0.000467418
log_slx_pars[2]      1.45834 -1.86648e-05
log_slx_pars[3]      4.23611 -3.99467e-06
log_slx_pars[4]      1.03933  7.15718e-06
log_slx_pars[5]      4.70369  0.000117283
log_slx_pars[6]      2.37539 -2.00647e-05
log_slx_pars[7]      3.81215 -3.65953e-06
log_slx_pars[8]      2.06406  -1.2016e-05
log_slx_pars[9]      3.91157 -7.63414e-05
log_slx_pars[10]      1.22379  1.70962e-05
log_slx_pars[11]      3.68741 -1.37327e-05
log_slx_pars[12]      1.37667 -7.60642e-06
log_slx_pars[13]      3.77887   -4.879e-05
log_slx_pars[14]      1.19908  3.36957e-05
log_slx_pars[15]     -4.38858 -1.88519e-06
log_slx_pars[16]     -4.38858 -3.03342e-06
log_slx_pars[17]     -4.38858 -8.92567e-07
log_slx_pars[18]     -4.38761  4.01011e-08
log_slx_pars[19]     -4.38064  2.03268e-06
log_slx_pars[20]     -4.25282  2.44904e-06
log_slx_pars[21]      -3.9476  1.88011e-06
log_slx_pars[22]     -3.55421  2.15167e-06
log_slx_pars[23]     -3.21904  1.22137e-06
log_slx_pars[24]     -2.79567  1.27083e-06
log_slx_pars[25]     -2.55072 -4.71882e-07
log_slx_pars[26]      -2.3358  1.36063e-06
log_slx_pars[27]     -1.93201  7.22229e-07
log_slx_pars[28]     -1.46325  1.26522e-06
log_slx_pars[29]      -1.2193  1.79193e-06
log_slx_pars[30]       -1.221  1.84108e-06
log_slx_pars[31]     -1.25007  1.82396e-07
log_slx_pars[32]     -1.28961  7.08128e-07
log_slx_pars[33]     -1.25949  7.74626e-08
log_slx_pars[34]     -1.17274  1.80358e-06
log_slx_pars[35]     -1.23492 -5.95729e-08
log_slx_pars[36]     -1.31839  -2.5066e-06
log_slx_pars[37]     -2.71812 -4.46089e-07
log_slx_pars[38]     -2.71964 -3.20377e-07
log_slx_pars[39]     -2.77317  7.97746e-07
log_slx_pars[40]     -3.10412  4.09217e-06
log_slx_pars[41]     -3.40954  2.33642e-07
log_slx_pars[42]     -2.64339  8.21045e-07
log_slx_pars[43]     -2.16242 -1.04702e-06
log_slx_pars[44]     -2.26117  1.71891e-06
log_slx_pars[45]     -2.53036 -7.70628e-07
log_slx_pars[46]     -2.92782 -3.94617e-07
log_slx_pars[47]     -3.06724 -1.54578e-06
log_slx_pars[48]     -3.06604  -2.1852e-06
log_slx_pars[49]     -3.06547 -2.49569e-07
log_slx_pars[50]     -3.06545  8.00163e-07
log_slx_pars[51]     -3.06545 -2.11303e-06
log_slx_pars[52]     -3.06544  1.19294e-06
log_slx_pars[53]     -3.06544   -8.669e-07
log_slx_pars[54]     -3.06544 -1.70731e-07
log_slx_pars[55]     -3.06544 -6.50542e-07
log_slx_pars[56]     -3.06544  1.50999e-06
log_slx_pars[57]     -3.06543 -4.82697e-08
log_slx_pars[58]     -3.06543 -5.79814e-07
log_slx_pars[61] -1.46776e-07 -1.88225e-06
log_slx_pars[62]    -0.271531  1.03225e-05
log_slx_pars[63]    -0.578068 -6.31192e-07
log_slx_pars[64]    -0.294287 -1.96611e-06
log_slx_pars[69]    -0.656328  2.88059e-06
log_slx_pars[70]    -0.812967  1.74002e-06
log_slx_pars[71]     -0.88616  -6.0084e-06
log_slx_pars[72]    -0.970887 -4.15957e-06
log_slx_pars[73]    -0.900824 -1.66746e-07
log_slx_pars[74]    -0.829688  1.74133e-06
log_slx_pars[75]    -0.775783 -3.38683e-06
log_slx_pars[76]    -0.772718  5.39499e-07
log_slx_pars[77]    -0.809921  2.51784e-06
log_slx_pars[78]     -0.85904  -7.0812e-08
log_slx_pars[79]    -0.917605 -2.12661e-06
log_slx_pars[80]    -0.976535 -1.74431e-07
log_slx_pars[81]     -1.02269  2.45926e-06
log_slx_pars[82]     -1.05106 -7.45776e-07
log_slx_pars[83]  -1.1189e-06  2.36112e-06
log_slx_pars[84]    -0.387459 -9.69787e-06
log_slx_pars[85]    -0.227992 -4.48395e-07
log_slx_pars[86]    -0.118937  4.24949e-06
log_slx_pars[87] -3.08267e-07  1.05621e-06
log_slx_pars[88] -4.64078e-08 -9.36478e-07
log_slx_pars[89] -3.06226e-08 -2.23645e-06
log_slx_pars[90]    -0.306158 -1.41677e-06
log_slx_pars[91]    -0.431314 -5.44503e-06
log_slx_pars[92]    -0.578661 -1.31463e-06
log_slx_pars[93]    -0.610564 -3.28135e-06
log_slx_pars[94]    -0.609589  9.28543e-06
log_slx_pars[95]    -0.609372  5.84134e-06
log_slx_pars[96]    -0.609353  5.29406e-06
log_slx_pars[97]    -0.609345   -8.109e-06
log_slx_pars[98]     -0.60934 -3.62537e-06
log_slx_pars[99]    -0.609337 -1.10107e-06
log_slx_pars[100]    -0.609334 -1.86639e-06
log_slx_pars[101]    -0.609332  3.55696e-06
log_slx_pars[102]     -0.60933  3.23777e-07
log_slx_pars[103]    -0.609329  -2.8957e-06
log_slx_pars[104]    -0.609329  1.50956e-06
log_slx_pars[107]      4.58417 -0.000105725
log_slx_pars[108]     0.491463 -4.29306e-06
log_fbar[1]    -0.971292  0.000139188
log_fbar[2]     -6.29012 -0.000107178
log_fdev[1](1)      -2.1161  5.94117e-05
log_fdev[1](2)     -2.05012  0.000172631
log_fdev[1](3)     -1.20015  0.000103769
log_fdev[1](4)    -0.708349 -1.74032e-05
log_fdev[1](5)    -0.458423  -0.00013378
log_fdev[1](6)     0.033479  1.42277e-05
log_fdev[1](7)     0.160057  0.000136985
log_fdev[1](8)     0.202675  7.90976e-05
log_fdev[1](9)      1.02719  5.11661e-05
log_fdev[1](10)      1.19455  1.70084e-05
log_fdev[1](11)      1.26899  6.64962e-05
log_fdev[1](12)     0.780484 -6.65026e-05
log_fdev[1](13)     0.377139 -0.000116592
log_fdev[1](14)     0.357082  1.88933e-05
log_fdev[1](15)     0.297795  5.01226e-05
log_fdev[1](16)     0.583396  3.39055e-05
log_fdev[1](17)     0.463488  7.37188e-05
log_fdev[1](18)     -1.22823 -0.000154449
log_fdev[1](19)     -1.14275 -0.000181515
log_fdev[1](20)    -0.400269 -0.000128548
log_fdev[1](21)    -0.525473 -7.83053e-05
log_fdev[1](22)    -0.982916  -2.5829e-05
log_fdev[1](23)    -0.956016  3.43294e-05
log_fdev[1](24)    -0.289454   5.2565e-05
log_fdev[1](25)    -0.199714  2.74142e-05
log_fdev[1](26)     0.102445 -3.56377e-06
log_fdev[1](27)    -0.249955 -0.000118648
log_fdev[1](28)    -0.669915  1.60686e-05
log_fdev[1](29)    -0.636949  1.64715e-05
log_fdev[1](30)     0.182986  1.17877e-05
log_fdev[1](31)     0.512731  0.000100113
log_fdev[1](32)      0.64597   2.2433e-05
log_fdev[1](33)     0.846798 -8.78236e-06
log_fdev[1](34)     0.695446  5.47119e-05
log_fdev[1](35)      0.12172  1.42522e-05
log_fdev[1](36)    0.0830862 -8.75214e-05
log_fdev[1](37)      1.53286 -7.82885e-05
log_fdev[1](38)     0.785188    2.095e-05
log_fdev[1](39)      1.77666   0.00011085
log_fdev[1](40)    -0.217426  0.000166273
log_fdev[2](1)    -0.573672  3.56308e-06
log_fdev[2](2)    -0.267937  8.09125e-06
log_fdev[2](3)    -0.208424    7.519e-06
log_fdev[2](4)    -0.255828 -1.94753e-06
log_fdev[2](5)     -9.27643  1.41826e-06
log_fdev[2](6)     -4.92914  8.01917e-06
log_fdev[2](7)     -5.28874  8.57002e-06
log_fdev[2](8)     -1.39345  6.70933e-06
log_fdev[2](9)     0.654923  -1.5726e-05
log_fdev[2](10)      1.62025 -2.79685e-05
log_fdev[2](11)      2.24367 -3.02913e-05
log_fdev[2](12)      2.02229 -2.72812e-05
log_fdev[2](13)      2.62563 -1.78165e-05
log_fdev[2](14)      1.55388 -1.76953e-05
log_fdev[2](15)     0.749368 -1.38264e-05
log_fdev[2](16)     0.857547 -1.29023e-05
log_fdev[2](17)     0.556356 -1.43905e-05
log_fdev[2](18)     0.594679 -2.24672e-05
log_fdev[2](19)     0.679636 -2.95839e-05
log_fdev[2](20)     0.621228 -1.89879e-05
log_fdev[2](21)     0.098079 -9.88373e-06
log_fdev[2](22)      1.04052 -7.81978e-06
log_fdev[2](23)      1.37847  2.33918e-06
log_fdev[2](24)     0.308916  1.28307e-05
log_fdev[2](25)      1.01991   1.3414e-05
log_fdev[2](26)    0.0221062  1.86441e-05
log_fdev[2](27)    -0.175569  1.32693e-05
log_fdev[2](28)     0.668443  1.19079e-05
log_fdev[2](29)    -0.436447   2.2647e-05
log_fdev[2](30)    -0.212465  3.20131e-05
log_fdev[2](31)     0.552375   3.2012e-05
log_fdev[2](32)    0.0437202  1.88301e-05
log_fdev[2](33)      0.27122  1.33973e-05
log_fdev[2](34)     0.456822  5.43683e-06
log_fdev[2](35)    -0.243049   3.7332e-06
log_fdev[2](36)    -0.654336  6.84458e-06
log_fdev[2](37)      1.54152  4.78336e-06
log_fdev[2](38)      1.01463  1.13161e-05
log_fdev[2](39)     0.331311  6.68805e-06
log_fdev[2](40)     0.286805  8.10694e-06
log_fdev[2](41)     0.101169  1.12861e-05
log_foff[1]     -6.46717 -3.02571e-05
log_fdov[1](1)       2.7836  -1.9839e-05
log_fdov[1](2)      2.63556  7.58646e-06
log_fdov[1](3)       2.0557  1.91959e-05
log_fdov[1](4)      1.82477  6.82855e-06
log_fdov[1](5)      2.49723 -3.81365e-06
log_fdov[1](6)      1.72715 -6.38289e-06
log_fdov[1](7)     0.759895 -9.29176e-06
log_fdov[1](8)     0.444885 -8.37811e-06
log_fdov[1](9)    -0.473596   2.7102e-06
log_fdov[1](10)    -0.360153  1.60632e-05
log_fdov[1](11)     0.497524  4.20633e-05
log_fdov[1](12)     0.740159  3.24213e-05
log_fdov[1](13)     0.899552  1.08779e-05
log_fdov[1](14)    -0.373818  1.67189e-05
log_fdov[1](15)      1.10289  3.91052e-06
log_fdov[1](16)     -1.78038  6.94774e-06
log_fdov[1](17)     -1.35517  6.12571e-06
log_fdov[1](18)     -2.22862  5.42698e-06
log_fdov[1](19)     -2.01489  1.25883e-05
log_fdov[1](20)     -2.61786  6.65581e-06
log_fdov[1](21)     -0.21949 -1.63452e-05
log_fdov[1](22)     -1.67505 -6.77767e-06
log_fdov[1](23)     -1.55521 -1.62024e-05
log_fdov[1](24)    -0.805256 -1.98056e-05
log_fdov[1](25)     -2.39214 -2.49432e-05
log_fdov[1](26)    -0.375938 -1.42086e-05
log_fdov[1](27)    -0.230942 -5.02969e-05
log_fdov[1](28)      0.27506 -5.82966e-05
log_fdov[1](29)      0.24272 -5.45931e-05
log_fdov[1](30)      2.48653 -2.74945e-05
log_fdov[1](31)   -0.0634917 -7.09168e-06
log_fdov[1](32)     0.707257 -2.64358e-05
log_fdov[1](33)      1.58435 -1.77167e-05
log_fdov[1](34)     0.974024  1.72857e-05
log_fdov[1](35)      0.42228  3.43946e-06
log_fdov[1](36)     0.440348 -1.48514e-05
log_fdov[1](37)     -1.17252 -3.09353e-05
log_fdov[1](38)     0.506236  3.18192e-05
log_fdov[1](39)     -2.86592  8.40866e-05
log_fdov[1](40)     -3.04728  8.11216e-05
rec_dev_est(1982)      7.98157  0.000191537
rec_dev_est(1983)      7.70562     7.01e-06
rec_dev_est(1984)      8.68603 -0.000251504
rec_dev_est(1985)      8.84057 -0.000381781
rec_dev_est(1986)      8.42113  -2.9439e-05
rec_dev_est(1987)      7.39003 -0.000418664
rec_dev_est(1988)      6.07772 -4.15872e-05
rec_dev_est(1989)      7.30315 -3.98366e-05
rec_dev_est(1990)      8.53947 -0.000209437
rec_dev_est(1991)      8.42704 -0.000361598
rec_dev_est(1992)      7.70619 -0.000126058
rec_dev_est(1993)      7.67435 -4.58076e-05
rec_dev_est(1994)      6.64765 -2.34632e-05
rec_dev_est(1995)       5.2348  4.28705e-06
rec_dev_est(1996)      6.38469 -5.06709e-06
rec_dev_est(1997)      7.29011  0.000155922
rec_dev_est(1998)      6.79008 -6.67994e-06
rec_dev_est(1999)      6.96831  9.32554e-06
rec_dev_est(2000)      6.23585  4.29893e-05
rec_dev_est(2001)      7.52577   6.9216e-05
rec_dev_est(2002)      7.63777  8.49301e-05
rec_dev_est(2003)      8.42792  0.000166497
rec_dev_est(2004)      7.34679  0.000311026
rec_dev_est(2005)       5.6744  4.95875e-05
rec_dev_est(2006)      5.29363  1.80277e-05
rec_dev_est(2007)      7.42676  7.57681e-05
rec_dev_est(2008)      8.55568 -4.95757e-05
rec_dev_est(2009)      6.29377   -2.455e-06
rec_dev_est(2010)      6.85991 -2.47381e-05
rec_dev_est(2011)      6.90716 -3.89038e-06
rec_dev_est(2012)      6.77143 -1.29132e-05
rec_dev_est(2013)       7.2005  1.68744e-05
rec_dev_est(2014)      8.64357  0.000154553
rec_dev_est(2015)       9.3062  7.93415e-05
rec_dev_est(2016)      9.61587  7.99978e-06
rec_dev_est(2017)      6.29984 -3.94772e-06
rec_dev_est(2018)      4.02527  8.19499e-06
rec_dev_est(2019)      3.42731  6.33615e-06
rec_dev_est(2020)      5.78357  4.30226e-05
rec_dev_est(2021)      5.07504 -1.03974e-06
rec_dev_est(2022)      4.22728 -1.71408e-05
logit_rec_prop_est(1982)      3.49947  0.000175379
logit_rec_prop_est(1983)       2.2112  3.30008e-05
logit_rec_prop_est(1984) -0.000882841  -0.00189758
logit_rec_prop_est(1985)    -0.574225  -0.00369496
logit_rec_prop_est(1986)     -2.54749 -0.000693404
logit_rec_prop_est(1987)      1.41781 -0.000676471
logit_rec_prop_est(1988)    -0.353548 -0.000234606
logit_rec_prop_est(1989)     0.516911 -0.000303519
logit_rec_prop_est(1990)      1.62636 -0.000394572
logit_rec_prop_est(1991)      1.22718 -0.000985305
logit_rec_prop_est(1992)     -0.40867  -0.00048053
logit_rec_prop_est(1993)     -2.23107 -0.000453782
logit_rec_prop_est(1994)     -2.45095 -2.57602e-05
logit_rec_prop_est(1995)     0.752217  0.000128227
logit_rec_prop_est(1996)      2.25443  0.000118146
logit_rec_prop_est(1997)      2.46548  0.000214446
logit_rec_prop_est(1998)     -2.74367  0.000300904
logit_rec_prop_est(1999)     -1.36441  0.000502811
logit_rec_prop_est(2000)     0.827537  0.000359929
logit_rec_prop_est(2001)      2.19723  0.000348501
logit_rec_prop_est(2002)     0.712607   0.00103825
logit_rec_prop_est(2003)    -0.754682   0.00373196
logit_rec_prop_est(2004)     0.806989  0.000891805
logit_rec_prop_est(2005)    -0.510453  0.000228128
logit_rec_prop_est(2006)      1.43664  0.000268799
logit_rec_prop_est(2007)     0.726495  0.000358385
logit_rec_prop_est(2008)      -1.5174  5.60895e-05
logit_rec_prop_est(2009)    -0.756414  7.23977e-05
logit_rec_prop_est(2010)    -0.516001 -0.000175114
logit_rec_prop_est(2011)    -0.717285 -0.000103129
logit_rec_prop_est(2012)      1.26169  6.79119e-06
logit_rec_prop_est(2013)     0.636844   0.00013907
logit_rec_prop_est(2014)      1.18204  0.000425419
logit_rec_prop_est(2015)    -0.269527   0.00028722
logit_rec_prop_est(2016)     -3.76703   6.3451e-05
logit_rec_prop_est(2017)     -2.62256  8.33524e-05
logit_rec_prop_est(2018)     0.872608  1.94889e-05
logit_rec_prop_est(2019)     -1.60783  9.19817e-05
logit_rec_prop_est(2020)    -0.910984  2.67529e-05
logit_rec_prop_est(2021)    -0.457082  8.68889e-05
logit_rec_prop_est(2022)     0.450422  0.000218442
m_dev_est[1]      1.98062  1.69315e-06
m_dev_est[2]     0.923148 -9.64965e-06
m_dev_est[4]  1.44142e-07  6.70294e-06
m_dev_est[5]      2.26066 -1.79989e-05
m_dev_est[7]     0.909007 -1.44611e-05
m_dev_est[8]      1.63004 -3.34745e-05
m_dev_est[10]      2.47913  3.93315e-07
m_dev_est[11]       2.1866 -6.56127e-07
m_mat_mult[1]   -0.0655826  0.000506417
m_mat_mult[2]     0.281803  4.03383e-05
survey_q[1]     0.524199  6.53808e-06
survey_q[2]     0.455413  -3.9523e-06
survey_q[3]     0.112186  1.38504e-05
survey_q[4]     0.274864  2.52842e-05
