ParName   Value   Gradient
theta[1]      0.29079   0.00027148
theta[2]     0.270216  0.000140619
theta[5]      5.27344  -0.00633847
theta[13]      8.84456  6.29579e-07
theta[14]       8.8562 -1.11612e-05
theta[15]      8.92376 -7.15991e-06
theta[16]      9.30011  6.84762e-06
theta[17]      9.98496  5.83978e-06
theta[18]      10.7619  2.17042e-05
theta[19]      11.4508  6.87101e-07
theta[20]      11.6913   5.1968e-05
theta[21]      11.6069  2.03182e-06
theta[22]      11.6468  3.70789e-06
theta[23]      11.7285  2.64751e-06
theta[24]      11.5626 -1.01788e-05
theta[25]      11.3851  6.26286e-06
theta[26]      11.3055 -3.33585e-05
theta[27]      11.3364 -2.10115e-05
theta[28]      11.1218 -4.95953e-05
theta[29]       10.433  6.51213e-05
theta[30]      9.54787 -3.46033e-06
theta[31]      8.52733  2.03231e-05
theta[32]      7.53585   9.3458e-06
theta[33]      6.74307 -1.64593e-05
theta[34]      6.31188  -3.1238e-05
theta[35]      13.7389 -3.59261e-06
theta[36]      13.4453  5.56987e-05
theta[37]      13.0178  4.87355e-05
theta[38]      13.1047  0.000108414
theta[39]      12.3888  9.61397e-05
theta[40]      12.4595  0.000120763
theta[41]      12.2984  0.000102413
theta[42]      11.9244  8.49406e-05
theta[43]      11.6222  9.10075e-05
theta[44]      11.1815  7.37338e-05
theta[45]      10.5083  2.39652e-05
theta[46]      10.1043  3.83123e-05
theta[47]      9.96545  4.94356e-05
theta[48]      9.31407  1.17953e-05
theta[49]      8.16051  1.35789e-05
theta[50]      7.12935  9.46171e-06
theta[51]      6.35057  -4.7244e-06
theta[52]      5.78856 -9.45371e-06
theta[53]      5.38143  5.93803e-06
theta[54]      5.08257 -1.70999e-06
theta[55]      4.87648 -1.45301e-05
theta[56]       4.7711 -1.17755e-05
theta[57]      9.62944 -4.66384e-06
theta[58]      9.68543  1.27857e-06
theta[59]      9.99313 -6.17998e-06
theta[60]      11.0261 -6.18418e-06
theta[61]      12.7818  7.51651e-05
theta[62]       13.773  -6.9649e-05
theta[63]      13.3235 -2.90165e-05
theta[64]      12.3538 -1.45137e-05
theta[65]      11.2889  -6.0403e-05
theta[66]      10.1113 -5.16617e-05
theta[67]      9.29899 -5.52964e-05
theta[68]      8.75798 -2.27541e-05
theta[69]      8.41352  -5.1704e-05
theta[70]      8.11388 -3.42844e-05
theta[71]      7.82997 -1.17182e-05
theta[72]      7.54335 -4.45748e-05
theta[73]       7.2904 -3.94979e-05
theta[74]      7.07063 -1.79235e-05
theta[75]      6.88576 -2.96166e-05
theta[76]      6.73913 -2.57652e-05
theta[77]      6.63519 -1.93412e-05
theta[78]      6.57955 -1.96984e-05
theta[79]     -16.3485 -2.46881e-08
theta[80]     -16.3981  1.54771e-07
theta[81]     -16.6647 -8.26345e-06
theta[82]     -16.1064 -1.75027e-05
theta[83]     -15.1407 -6.51372e-06
theta[84]     -14.1739 -1.26024e-06
theta[85]     -14.9858  8.98027e-06
theta[86]     -16.1244  -6.8518e-06
theta[87]     -17.0796 -2.75181e-06
theta[88]     -17.8041  -6.2095e-06
theta[89]     -18.2962   1.0193e-06
theta[90]     -18.6349 -2.95805e-06
theta[91]     -18.9075  1.27791e-05
theta[92]     -19.1312  1.44313e-06
theta[93]     -19.3207 -1.37074e-05
theta[94]     -19.4836  7.93957e-06
theta[95]     -19.6234 -1.01334e-05
theta[96]     -19.7421  1.50043e-05
theta[97]     -19.8401 -8.50095e-06
theta[98]     -19.9171 -1.45228e-05
theta[99]     -19.9714 -5.41464e-06
theta[100]     -19.9999 -2.27501e-05
Grwth[1]      2.19399 -0.000125693
Grwth[2]    -0.219352  0.000337875
Grwth[4]     0.452629 -0.000210571
Grwth[5]    -0.272706  0.000484531
log_slx_pars[1]      4.68216   0.00181088
log_slx_pars[2]      1.46267 -0.000438902
log_slx_pars[3]      4.23355   0.00142442
log_slx_pars[4]      1.05423 -0.000242589
log_slx_pars[5]      4.79755 -7.46982e-05
log_slx_pars[6]       2.4421 -9.83535e-05
log_slx_pars[95]       4.5791   -0.0012931
log_slx_pars[96]     0.548531 -3.12947e-05
log_fbar[1]     0.171333  -0.00162113
log_fbar[2]     -5.07876 -1.99742e-05
log_fdev[1](1)     -0.75066  -0.00014539
log_fdev[1](2)    -0.859847 -3.23572e-05
log_fdev[1](3)    -0.185377  7.46783e-05
log_fdev[1](4)     0.191798   1.9114e-06
log_fdev[1](5)      0.26264  1.89108e-05
log_fdev[1](6)     0.430785 -0.000144713
log_fdev[1](7)     0.269163 -1.92186e-05
log_fdev[1](8)    0.0848591  0.000229464
log_fdev[1](9)      0.83897  0.000146144
log_fdev[1](10)     0.951486  6.64287e-06
log_fdev[1](11)      1.16609 -5.80518e-05
log_fdev[1](12)     0.552753 -0.000195797
log_fdev[1](13)     0.227404 -1.09488e-05
log_fdev[1](14)      0.34702  0.000101509
log_fdev[1](15)    0.0410615 -3.57272e-06
log_fdev[1](16)      0.28685  3.64447e-05
log_fdev[1](17)     0.271194  0.000352763
log_fdev[1](18)     -1.40832  0.000233647
log_fdev[1](19)     -1.25142  0.000143782
log_fdev[1](20)     -0.30541 -0.000194177
log_fdev[1](21)    -0.421544 -0.000512774
log_fdev[1](22)     -1.04336 -0.000221813
log_fdev[1](23)     -1.06283 -0.000155585
log_fdev[1](24)    -0.282889 -0.000189842
log_fdev[1](25)   -0.0948835  4.42575e-05
log_fdev[1](26)     0.123519  7.64207e-05
log_fdev[1](27)    -0.297454 -0.000179324
log_fdev[1](28)    -0.906974 -0.000455994
log_fdev[1](29)     -1.00969 -0.000186906
log_fdev[1](30)    -0.304161 -4.55103e-05
log_fdev[1](31)     0.223286 -0.000215194
log_fdev[1](32)      0.35542 -3.95551e-05
log_fdev[1](33)     0.512749 -0.000195474
log_fdev[1](34)      0.49538 -0.000318259
log_fdev[1](35)    -0.028192 -8.83502e-05
log_fdev[1](36)   0.00528879 -8.59875e-05
log_fdev[1](37)      1.12993  0.000687025
log_fdev[1](38)      0.30707 -0.000423837
log_fdev[1](39)      1.48227 -0.000160735
log_fdev[1](40)    -0.343978   9.4093e-05
log_fdev[2](1)     0.686805 -1.93022e-05
log_fdev[2](2)     0.849233  3.12766e-06
log_fdev[2](3)     0.750614  2.16381e-06
log_fdev[2](4)     0.582225  2.57255e-06
log_fdev[2](5)     -8.62998  1.14929e-05
log_fdev[2](6)     -4.59519  1.13108e-05
log_fdev[2](7)     -5.21117  4.17949e-06
log_fdev[2](8)     -1.50084  2.84806e-05
log_fdev[2](9)     0.501055 -6.72374e-06
log_fdev[2](10)       1.4218  2.77993e-05
log_fdev[2](11)      2.12499 -9.39332e-06
log_fdev[2](12)       1.8435  5.13997e-06
log_fdev[2](13)      2.48152  1.68897e-05
log_fdev[2](14)      1.46176  3.85853e-06
log_fdev[2](15)      0.54185  3.57274e-05
log_fdev[2](16)     0.653349  3.48031e-05
log_fdev[2](17)     0.423757  2.56879e-05
log_fdev[2](18)     0.447925  1.38982e-05
log_fdev[2](19)     0.583307 -1.94173e-05
log_fdev[2](20)     0.682732 -2.23724e-05
log_fdev[2](21)     0.184309  8.94549e-06
log_fdev[2](22)       1.0165 -5.98864e-06
log_fdev[2](23)      1.30577 -1.43996e-05
log_fdev[2](24)     0.317004  9.91269e-07
log_fdev[2](25)      1.08988 -6.62325e-06
log_fdev[2](26)       0.0355 -1.32004e-05
log_fdev[2](27)    -0.221358 -3.96681e-05
log_fdev[2](28)      0.47145 -4.19933e-05
log_fdev[2](29)    -0.756569  -3.2814e-05
log_fdev[2](30)    -0.644587  6.69447e-06
log_fdev[2](31)     0.287202  1.28142e-05
log_fdev[2](32)    -0.246305 -1.91926e-05
log_fdev[2](33)   -0.0321669 -8.86097e-06
log_fdev[2](34)     0.250185  7.00186e-06
log_fdev[2](35)    -0.404142  3.62474e-05
log_fdev[2](36)    -0.745599  2.36078e-05
log_fdev[2](37)      1.18953  3.94352e-05
log_fdev[2](38)     0.679175 -1.89548e-05
log_fdev[2](39)    0.0623222 -2.56544e-06
log_fdev[2](40)     0.118018  4.23697e-05
log_fdev[2](41)   -0.0553489  8.70375e-05
log_foff[1]      -7.6123 -0.000707076
log_fdov[1](1)      1.36577 -5.94662e-05
log_fdov[1](2)      1.39109 -3.75385e-06
log_fdov[1](3)     0.979436  -1.5897e-05
log_fdov[1](4)     0.854668 -5.00253e-05
log_fdov[1](5)      1.73322 -0.000109846
log_fdov[1](6)     0.704302 -9.10334e-05
log_fdov[1](7)     0.101457 -6.58154e-05
log_fdov[1](8)     0.499664    1.873e-05
log_fdov[1](9)  -0.00835684    6.716e-05
log_fdov[1](10)     0.264945  3.57884e-05
log_fdov[1](11)      1.03571   2.0768e-05
log_fdov[1](12)      1.19085 -7.76884e-05
log_fdov[1](13)     0.871771 -5.28051e-05
log_fdov[1](14)    -0.614218  1.22474e-05
log_fdov[1](15)      1.25428 -3.26665e-05
log_fdov[1](16)     -1.37685 -9.48943e-05
log_fdov[1](17)     -0.93726  -3.4043e-05
log_fdov[1](18)     -1.82798 -7.34782e-06
log_fdov[1](19)     -1.85047  5.37215e-05
log_fdov[1](20)      -2.8299   2.2079e-05
log_fdov[1](21)    -0.363962 -7.17738e-05
log_fdov[1](22)     -1.62555 -6.14445e-06
log_fdov[1](23)     -1.62443 -2.00313e-05
log_fdov[1](24)    -0.940115 -2.32664e-05
log_fdov[1](25)      -2.4734  2.81419e-05
log_fdov[1](26)    -0.368246 -6.01655e-06
log_fdov[1](27)    -0.133251     9.98e-06
log_fdov[1](28)      0.59147 -1.94574e-05
log_fdov[1](29)     0.761487 -8.37529e-06
log_fdov[1](30)      2.98219  4.37855e-06
log_fdov[1](31)    0.0471226 -5.84688e-05
log_fdov[1](32)      0.78592 -1.11314e-05
log_fdov[1](33)      1.75291 -5.83872e-05
log_fdov[1](34)      1.08875 -3.80603e-05
log_fdov[1](35)     0.547515 -1.46223e-05
log_fdov[1](36)     0.682065 -8.12081e-06
log_fdov[1](37)    -0.874167  9.14088e-06
log_fdov[1](38)      1.14049 -7.88964e-05
log_fdov[1](39)     -2.21164 -4.52397e-05
log_fdov[1](40)     -2.56728 -5.90728e-05
rec_dev_est(1982)      8.46331 -3.43493e-05
rec_dev_est(1983)      8.70706   2.7835e-05
rec_dev_est(1984)      10.5995  -0.00010408
rec_dev_est(1985)      9.44008 -0.000133572
rec_dev_est(1986)      7.42755 -1.26394e-05
rec_dev_est(1987)      8.34812  0.000118314
rec_dev_est(1988)      6.41923  6.46547e-06
rec_dev_est(1989)      6.98217  2.37852e-05
rec_dev_est(1990)      10.1139  5.19941e-05
rec_dev_est(1991)      9.48219 -0.000230441
rec_dev_est(1992)      8.71128 -0.000168011
rec_dev_est(1993)      7.70426 -7.56335e-05
rec_dev_est(1994)      5.32582 -2.30255e-05
rec_dev_est(1995)      5.18152 -6.46007e-05
rec_dev_est(1996)      7.80661 -0.000271871
rec_dev_est(1997)      8.69209 -0.000570812
rec_dev_est(1998)      7.83021 -5.94509e-05
rec_dev_est(1999)       7.0758 -8.68727e-05
rec_dev_est(2000)      8.44484 -3.79154e-05
rec_dev_est(2001)      8.32452 -0.000444733
rec_dev_est(2002)      7.86214 -0.000322274
rec_dev_est(2003)       9.6425 -0.000380548
rec_dev_est(2004)      8.42197 -0.000264954
rec_dev_est(2005)      6.23686 -3.91458e-05
rec_dev_est(2006)      6.10968  6.33039e-06
rec_dev_est(2007)      8.23264 -3.81675e-05
rec_dev_est(2008)      10.1429  -0.00017449
rec_dev_est(2009)      7.52921  1.07738e-05
rec_dev_est(2010)      7.97032  0.000308395
rec_dev_est(2011)      6.99288  0.000206148
rec_dev_est(2012)      7.59685  0.000280453
rec_dev_est(2013)      7.33062  0.000200365
rec_dev_est(2014)      9.20322 -0.000123885
rec_dev_est(2015)       10.635 -8.17711e-05
rec_dev_est(2016)      7.27606 -3.10143e-05
rec_dev_est(2017)      4.77645 -2.72283e-06
rec_dev_est(2018)      3.90517    9.424e-06
rec_dev_est(2019)      5.90143  1.29263e-05
rec_dev_est(2020)      6.49535  5.93481e-05
rec_dev_est(2021)      5.02201 -3.09618e-06
rec_dev_est(2022)      4.59768 -3.73364e-06
logit_rec_prop_est(1982)      2.44272   0.00107871
logit_rec_prop_est(1983)      4.04338  3.05489e-05
logit_rec_prop_est(1984)     -1.38368 -0.000762566
logit_rec_prop_est(1985)     0.761561  2.60351e-06
logit_rec_prop_est(1986)     -3.80376  0.000276093
logit_rec_prop_est(1987)      3.98854  0.000186025
logit_rec_prop_est(1988)      2.72993  0.000281559
logit_rec_prop_est(1989)      3.99786  0.000210224
logit_rec_prop_est(1990)    -0.375335   0.00181697
logit_rec_prop_est(1991)     0.428989  -0.00127017
logit_rec_prop_est(1992)    -0.520965  -0.00119648
logit_rec_prop_est(1993)     -1.57852 -0.000366965
logit_rec_prop_est(1994)      -3.7705 -3.62578e-05
logit_rec_prop_est(1995)      1.13381 -4.90699e-05
logit_rec_prop_est(1996)    -0.211761 -0.000980221
logit_rec_prop_est(1997)    -0.258994  -0.00298597
logit_rec_prop_est(1998)     -4.45639  9.30832e-05
logit_rec_prop_est(1999)    -0.317857  3.41549e-05
logit_rec_prop_est(2000)     -2.31108 -0.000222485
logit_rec_prop_est(2001)      2.67497  7.05358e-05
logit_rec_prop_est(2002)      1.20397 -3.88974e-05
logit_rec_prop_est(2003)     -1.25107   -0.0049425
logit_rec_prop_est(2004)      1.54935 -0.000270049
logit_rec_prop_est(2005)      1.53246  0.000307243
logit_rec_prop_est(2006)      2.89479  0.000134507
logit_rec_prop_est(2007)      4.00705  0.000218568
logit_rec_prop_est(2008)     -2.40054  -0.00104642
logit_rec_prop_est(2009)    -0.838415  0.000375396
logit_rec_prop_est(2010)    -0.931757   0.00266277
logit_rec_prop_est(2011)     0.119758   0.00120664
logit_rec_prop_est(2012)     0.814921   0.00133799
logit_rec_prop_est(2013)      0.89742  0.000560174
logit_rec_prop_est(2014)      3.61921  5.81841e-05
logit_rec_prop_est(2015)     -2.16135   0.00120781
logit_rec_prop_est(2016)     -1.74912  4.04171e-05
logit_rec_prop_est(2017)     -4.03525   0.00021862
logit_rec_prop_est(2018)      3.16206  0.000240767
logit_rec_prop_est(2019)     -3.79696  0.000495966
logit_rec_prop_est(2020)     -2.42867  0.000358402
logit_rec_prop_est(2021)     -2.13898  0.000130444
logit_rec_prop_est(2022)     -1.28179  0.000281555
m_dev_est[1]      1.50844 -0.000147248
m_dev_est[2]     0.392827  6.18236e-05
m_dev_est[4]   1.9951e-08  1.45884e-05
m_dev_est[5]      2.51516   8.4316e-05
m_dev_est[7]     0.562682  3.22312e-05
m_dev_est[8]      1.98733  2.46087e-05
m_dev_est[10]        2.667  4.46401e-05
m_dev_est[11]      2.48422  1.00321e-06
m_mat_mult[1]    -0.471205   0.00104421
m_mat_mult[2]  -0.00995213  0.000269096
