ParName   Value   Gradient
theta[1]     0.292929 -0.000287239
theta[2]     0.273845   0.00015833
theta[5]      6.23493  0.000786695
theta[13]      9.56866  1.26142e-06
theta[14]      9.58242 -6.63727e-06
theta[15]      9.63473 -5.42056e-06
theta[16]      9.86653  1.24902e-06
theta[17]      10.5683 -1.17894e-06
theta[18]      11.2474 -2.21388e-06
theta[19]      11.6835  3.61767e-06
theta[20]      11.8624   3.5719e-06
theta[21]      11.8982  9.92002e-06
theta[22]      11.9258  7.44077e-06
theta[23]      11.9231  8.97311e-06
theta[24]      11.7139   7.1804e-06
theta[25]      11.4944  5.09013e-07
theta[26]      11.3322  3.87848e-05
theta[27]      11.3671  8.55334e-05
theta[28]      11.1654  0.000146661
theta[29]      10.4616  0.000189911
theta[30]      9.57421   8.6961e-05
theta[31]      8.55552  5.32634e-05
theta[32]      7.56424  2.36708e-05
theta[33]      6.76988  1.33128e-05
theta[34]      6.33753  7.41428e-07
theta[35]      14.0395  0.000105686
theta[36]      13.7538  5.86429e-05
theta[37]      13.2983  5.57372e-05
theta[38]      13.3444  9.36382e-05
theta[39]      12.6737  7.95399e-05
theta[40]      12.7101  9.55415e-05
theta[41]       12.493  0.000114765
theta[42]      12.1304  0.000120881
theta[43]      11.8132  0.000116938
theta[44]      11.3723  0.000112171
theta[45]      10.6945  6.88464e-05
theta[46]      10.2572  7.09526e-05
theta[47]      10.0864   9.5388e-05
theta[48]      9.44192  7.18714e-05
theta[49]       8.2912  3.34174e-05
theta[50]      7.25171  1.10267e-05
theta[51]      6.46126  4.26901e-06
theta[52]      5.88934  6.80881e-06
theta[53]      5.47482  7.51268e-06
theta[54]      5.17049 -4.13894e-06
theta[55]      4.96056  8.06968e-06
theta[56]      4.85325  4.05966e-06
theta[57]      11.2346 -5.47834e-06
theta[58]      11.4085  4.00075e-06
theta[59]      11.7059 -8.56775e-06
theta[60]      12.1861  4.47946e-06
theta[61]      13.2433 -1.86778e-05
theta[62]      13.5707  2.37166e-05
theta[63]      13.1163 -2.03432e-05
theta[64]      12.2852 -3.67544e-05
theta[65]      11.2416 -2.01861e-05
theta[66]      10.0854 -2.58857e-05
theta[67]      9.27872 -3.21625e-05
theta[68]      8.71347 -3.01983e-05
theta[69]      8.37913 -2.48904e-05
theta[70]      8.09739 -1.23477e-05
theta[71]      7.82665 -1.23038e-05
theta[72]      7.54973 -1.66059e-05
theta[73]      7.30407  -1.2407e-05
theta[74]      7.08964 -3.30039e-06
theta[75]      6.90873 -1.47905e-05
theta[76]      6.76516 -2.10451e-05
theta[77]      6.66357 -2.71159e-05
theta[78]      6.60932 -1.80552e-05
theta[79]     -13.4745 -4.99415e-06
theta[80]     -13.4476 -4.13835e-06
theta[81]      -13.596 -4.93307e-06
theta[82]       -13.59 -1.41998e-06
theta[83]     -13.2534  6.08421e-06
theta[84]     -12.8728  1.89562e-05
theta[85]     -13.7346  9.27482e-06
theta[86]     -14.8004  9.23038e-06
theta[87]     -15.7219 -1.72706e-05
theta[88]      -16.415 -3.53508e-05
theta[89]     -16.8976  9.16388e-07
theta[90]     -17.2372  3.05719e-05
theta[91]     -17.5116    -1.35e-05
theta[92]     -17.7372  6.98539e-06
theta[93]     -17.9283 -7.69243e-06
theta[94]     -18.0923   3.5249e-06
theta[95]     -18.2331 -2.72706e-06
theta[96]     -18.3524 -1.48624e-05
theta[97]     -18.4509  1.73275e-05
theta[98]     -18.5281 -7.07462e-06
theta[99]     -18.5824 -9.23483e-06
theta[100]     -18.6108 -8.82211e-06
Grwth[1]      2.25919  0.000638281
Grwth[2]    -0.216265  -0.00118896
Grwth[4]     0.242764 -0.000137085
Grwth[5]    -0.280707   0.00032033
log_slx_pars[1]      4.68249  -0.00295766
log_slx_pars[2]      1.45463  0.000501191
log_slx_pars[3]      4.23306   0.00112769
log_slx_pars[4]      1.04531 -0.000192611
log_slx_pars[5]      4.79183  0.000195528
log_slx_pars[6]      2.41473 -9.00309e-05
log_slx_pars[7]     -2.73091  1.98668e-05
log_slx_pars[8]     -2.31368  8.14846e-06
log_slx_pars[9]     -1.95068  2.04506e-07
log_slx_pars[10]     -1.20434  6.43293e-06
log_slx_pars[11]     -1.30024  7.31597e-06
log_slx_pars[12]      -1.1797 -5.07556e-06
log_slx_pars[13]    -0.971684 -5.28728e-06
log_slx_pars[14]    -0.991794 -1.43129e-06
log_slx_pars[15]     -1.14296 -8.60587e-06
log_slx_pars[16]     -1.12858 -8.43421e-06
log_slx_pars[17]     -1.05219 -9.99582e-06
log_slx_pars[18]     -1.01256 -4.52805e-06
log_slx_pars[19]    -0.968709 -2.23056e-06
log_slx_pars[20]    -0.835751  7.76994e-06
log_slx_pars[21]    -0.775517  8.14701e-06
log_slx_pars[22]     -0.67539 -4.50862e-06
log_slx_pars[23]    -0.539715  2.66735e-05
log_slx_pars[24]     -0.42693 -1.28109e-05
log_slx_pars[25]    -0.326755  1.57093e-05
log_slx_pars[26]    -0.214708 -7.77694e-06
log_slx_pars[27]    -0.104523 -7.12558e-06
log_slx_pars[28]   -0.0364846 -1.56773e-06
log_slx_pars[29]     -3.13855 -8.23227e-06
log_slx_pars[30]     -3.50218  1.38116e-05
log_slx_pars[31]      -3.3934  -1.3674e-06
log_slx_pars[32]     -2.02384 -3.29755e-08
log_slx_pars[33]     -1.23833 -9.33404e-06
log_slx_pars[34]    -0.595296 -1.04745e-05
log_slx_pars[35]    -0.583111 -2.60432e-06
log_slx_pars[36]    -0.762658 -1.02136e-06
log_slx_pars[37]    -0.812241    1.321e-05
log_slx_pars[38]    -0.907175 -8.54711e-06
log_slx_pars[39]    -0.908868  7.64991e-06
log_slx_pars[40]     -0.86862  1.56869e-05
log_slx_pars[41]    -0.834385  1.77673e-05
log_slx_pars[42]    -0.784991  2.58815e-06
log_slx_pars[43]    -0.715218 -2.97299e-06
log_slx_pars[44]    -0.626581  1.15954e-07
log_slx_pars[45]    -0.526669  2.72665e-06
log_slx_pars[46]    -0.421807  6.98347e-06
log_slx_pars[47]     -0.31273   1.9023e-06
log_slx_pars[48]    -0.198535 -5.08211e-07
log_slx_pars[49]   -0.0829666  5.94678e-07
log_slx_pars[50]  -0.00787387  9.07138e-07
log_slx_pars[51]      -3.9324  1.54956e-05
log_slx_pars[52]     -2.91765  1.89618e-05
log_slx_pars[53]     -2.05058 -1.88214e-05
log_slx_pars[54]      -1.2575  1.09478e-06
log_slx_pars[55]     -1.18142 -1.78958e-05
log_slx_pars[56]     -1.08455  3.11845e-06
log_slx_pars[57]     -1.03753  7.54976e-06
log_slx_pars[58]     -1.04867  8.24603e-06
log_slx_pars[59]     -1.20858 -4.82263e-06
log_slx_pars[60]     -1.26489   8.7035e-06
log_slx_pars[61]     -1.25253 -3.79204e-06
log_slx_pars[62]     -1.23735 -6.99747e-06
log_slx_pars[63]     -1.17376  1.46079e-06
log_slx_pars[64]    -0.985907 -2.09074e-05
log_slx_pars[65]    -0.780938 -1.54035e-05
log_slx_pars[66]    -0.554327 -9.48444e-06
log_slx_pars[67]    -0.382791 -9.18584e-06
log_slx_pars[68]    -0.255939 -1.21357e-05
log_slx_pars[69]    -0.204129 -2.06947e-07
log_slx_pars[70]    -0.155225 -1.64123e-05
log_slx_pars[71]    -0.116857 -1.55793e-06
log_slx_pars[72]   -0.0900829 -1.43882e-05
log_slx_pars[73]     -4.12485  2.44842e-06
log_slx_pars[74]      -3.4217  3.40602e-05
log_slx_pars[75]      -2.8509 -1.36986e-05
log_slx_pars[76]     -1.21814 -1.39726e-05
log_slx_pars[77]    -0.625344 -5.66826e-06
log_slx_pars[78]    -0.267564 -7.97221e-06
log_slx_pars[79]    -0.392069 -5.76448e-06
log_slx_pars[80]    -0.986381  -1.9848e-06
log_slx_pars[81]     -1.05933  1.09803e-06
log_slx_pars[82]     -1.25319  3.67418e-06
log_slx_pars[83]     -1.19715 -4.11594e-06
log_slx_pars[84]    -0.905918  1.00149e-05
log_slx_pars[85]    -0.826617 -1.41253e-05
log_slx_pars[86]    -0.777118  6.41076e-06
log_slx_pars[87]    -0.709797  1.45312e-05
log_slx_pars[88]    -0.622944 -7.34617e-06
log_slx_pars[89]     -0.52409 -6.72205e-06
log_slx_pars[90]    -0.419878 -1.98761e-06
log_slx_pars[91]    -0.311241  4.40242e-06
log_slx_pars[92]    -0.197239  -4.2661e-06
log_slx_pars[93]   -0.0815133 -9.18296e-07
log_slx_pars[94]  -0.00545861 -1.53312e-06
log_slx_pars[95]      4.57992   0.00100895
log_slx_pars[96]     0.552978  6.26933e-05
log_fbar[1]    0.0870883  0.000837117
log_fbar[2]     -5.15275   -0.0002981
log_fdev[1](1)    -0.695985  8.34216e-05
log_fdev[1](2)    -0.824405  0.000114573
log_fdev[1](3)    -0.162877  9.74377e-05
log_fdev[1](4)     0.206858  9.59496e-05
log_fdev[1](5)     0.284713  4.99075e-05
log_fdev[1](6)     0.472324 -7.46039e-06
log_fdev[1](7)     0.312284   3.7939e-05
log_fdev[1](8)     0.110246  2.09402e-05
log_fdev[1](9)     0.854765 -1.07846e-05
log_fdev[1](10)      0.98396 -2.20794e-05
log_fdev[1](11)      1.16297 -6.15529e-05
log_fdev[1](12)     0.588728 -9.01984e-05
log_fdev[1](13)     0.231848  0.000113553
log_fdev[1](14)     0.276177  0.000153563
log_fdev[1](15)    0.0529383  2.95673e-05
log_fdev[1](16)     0.289765   6.1153e-05
log_fdev[1](17)     0.266537   0.00015107
log_fdev[1](18)     -1.39911 -0.000121369
log_fdev[1](19)     -1.26839 -9.03608e-05
log_fdev[1](20)    -0.366934 -0.000131091
log_fdev[1](21)    -0.454691 -5.29383e-05
log_fdev[1](22)     -1.03572  0.000149978
log_fdev[1](23)     -1.05233  0.000246476
log_fdev[1](24)    -0.293401   0.00018244
log_fdev[1](25)    -0.117732  0.000125159
log_fdev[1](26)     0.132952  0.000172112
log_fdev[1](27)    -0.309153  7.29372e-05
log_fdev[1](28)    -0.933382 -9.05436e-05
log_fdev[1](29)     -1.00428 -0.000139296
log_fdev[1](30)     -0.26883 -3.02828e-05
log_fdev[1](31)     0.233268 -8.43714e-05
log_fdev[1](32)     0.365713 -0.000122356
log_fdev[1](33)     0.516849 -8.89796e-05
log_fdev[1](34)     0.471989 -8.96515e-05
log_fdev[1](35)   -0.0511551  1.19428e-05
log_fdev[1](36)   -0.0899211  3.13512e-05
log_fdev[1](37)      1.09293  0.000274874
log_fdev[1](38)     0.223423  7.77057e-05
log_fdev[1](39)      1.51391 -0.000130749
log_fdev[1](40)     -0.31685 -0.000142567
log_fdev[2](1)     0.727484  1.46335e-05
log_fdev[2](2)      0.87442 -4.77752e-06
log_fdev[2](3)     0.765619  1.01087e-06
log_fdev[2](4)     0.593892  7.87663e-06
log_fdev[2](5)     -8.60715 -5.69366e-06
log_fdev[2](6)     -4.55121  1.89246e-06
log_fdev[2](7)      -5.1717   8.8031e-06
log_fdev[2](8)     -1.48518  1.87613e-05
log_fdev[2](9)     0.501112  2.33879e-05
log_fdev[2](10)      1.43078  1.60764e-05
log_fdev[2](11)       2.1143   2.1836e-05
log_fdev[2](12)      1.86741  1.58422e-05
log_fdev[2](13)      2.48822  1.84575e-06
log_fdev[2](14)       1.4379 -8.04951e-06
log_fdev[2](15)     0.541841 -1.60923e-06
log_fdev[2](16)     0.636011 -3.98156e-07
log_fdev[2](17)     0.400191 -6.26757e-06
log_fdev[2](18)     0.447673 -1.72008e-05
log_fdev[2](19)     0.566834 -1.58655e-05
log_fdev[2](20)     0.637145 -2.05602e-05
log_fdev[2](21)     0.161748 -4.84527e-06
log_fdev[2](22)      1.02466  2.13463e-05
log_fdev[2](23)       1.3195  2.40259e-05
log_fdev[2](24)     0.312473  -2.0156e-06
log_fdev[2](25)      1.08015 -1.33458e-05
log_fdev[2](26)    0.0414314 -2.22823e-07
log_fdev[2](27)    -0.236794 -8.26929e-06
log_fdev[2](28)     0.440661 -2.01327e-05
log_fdev[2](29)     -0.75918 -3.58407e-05
log_fdev[2](30)    -0.605384 -2.05372e-05
log_fdev[2](31)     0.320453  -2.7103e-05
log_fdev[2](32)    -0.210427 -1.86454e-05
log_fdev[2](33)   -0.0120601 -1.75252e-05
log_fdev[2](34)     0.249488  -9.8514e-06
log_fdev[2](35)     -0.42576  5.30996e-06
log_fdev[2](36)    -0.853021  1.76277e-05
log_fdev[2](37)      1.15313  2.26328e-05
log_fdev[2](38)     0.603337  1.12287e-05
log_fdev[2](39)    0.0968437 -1.77681e-05
log_fdev[2](40)     0.141596 -9.99621e-06
log_fdev[2](41)    -0.058429 -1.21623e-05
log_foff[1]     -7.41326   -0.0004896
log_fdov[1](1)      1.23203 -4.66265e-05
log_fdov[1](2)      1.28026 -1.09992e-05
log_fdov[1](3)      0.88529 -8.29806e-06
log_fdov[1](4)       0.7775 -4.76527e-06
log_fdov[1](5)       1.6841  -2.3286e-05
log_fdov[1](6)     0.977486 -3.93999e-05
log_fdov[1](7)     0.312904 -9.26202e-07
log_fdov[1](8)     0.408167 -7.04855e-05
log_fdov[1](9)    -0.363983  -9.4717e-05
log_fdov[1](10)    -0.219355 -3.67437e-05
log_fdov[1](11)     0.530267 -6.30443e-05
log_fdov[1](12)     0.918467 -9.01114e-05
log_fdov[1](13)      1.10911 -1.69658e-05
log_fdov[1](14)    -0.191815  3.36341e-06
log_fdov[1](15)      1.43448 -1.10984e-05
log_fdov[1](16)     -1.43213 -8.67314e-06
log_fdov[1](17)     -1.15363  2.75426e-05
log_fdov[1](18)     -2.10651 -1.70613e-06
log_fdov[1](19)     -1.95646  2.14102e-05
log_fdov[1](20)     -2.69599  1.92291e-06
log_fdov[1](21)    -0.267378   8.2417e-06
log_fdov[1](22)     -1.55864  2.55557e-05
log_fdov[1](23)     -1.41024  3.57683e-05
log_fdov[1](24)    -0.770881  6.20737e-05
log_fdov[1](25)     -2.44256  4.77069e-05
log_fdov[1](26)    -0.372466  2.80557e-05
log_fdov[1](27)    -0.146358  1.71332e-05
log_fdov[1](28)     0.524294  4.85586e-06
log_fdov[1](29)     0.538733  9.63968e-06
log_fdov[1](30)      2.95294  2.64835e-05
log_fdov[1](31)     0.346361 -2.32392e-06
log_fdov[1](32)      1.12271 -2.85103e-05
log_fdov[1](33)      2.07547 -1.77001e-05
log_fdov[1](34)      1.35049 -3.15372e-05
log_fdov[1](35)     0.658447 -4.12083e-05
log_fdov[1](36)     0.617384 -6.52574e-05
log_fdov[1](37)    -0.744192 -3.94892e-05
log_fdov[1](38)      1.22653 -0.000106699
log_fdov[1](39)     -2.38349 -0.000106503
log_fdov[1](40)     -2.74737 -0.000114679
rec_dev_est(1982)      7.78515  9.36973e-05
rec_dev_est(1983)      8.09846  0.000134781
rec_dev_est(1984)      9.34544 -3.02878e-05
rec_dev_est(1985)      9.12844  0.000192064
rec_dev_est(1986)      8.58609 -7.71872e-05
rec_dev_est(1987)      7.84432  0.000135351
rec_dev_est(1988)      6.76706  5.09287e-06
rec_dev_est(1989)      7.28733  1.80532e-05
rec_dev_est(1990)      8.54892 -2.96805e-05
rec_dev_est(1991)      8.70501 -0.000191536
rec_dev_est(1992)      7.85973 -0.000126492
rec_dev_est(1993)      7.92102 -5.26067e-05
rec_dev_est(1994)      7.09787 -3.11755e-05
rec_dev_est(1995)      6.35718 -1.55617e-05
rec_dev_est(1996)      6.38565  9.03643e-05
rec_dev_est(1997)      7.33974  0.000381402
rec_dev_est(1998)      6.84511  6.76157e-05
rec_dev_est(1999)      6.97975  0.000104138
rec_dev_est(2000)      6.32003  1.87333e-05
rec_dev_est(2001)       7.7215  -0.00010312
rec_dev_est(2002)      7.58904 -8.59794e-05
rec_dev_est(2003)      8.72745 -0.000280505
rec_dev_est(2004)      7.70458 -0.000306468
rec_dev_est(2005)      6.59438 -3.69265e-05
rec_dev_est(2006)      5.98795 -2.66613e-05
rec_dev_est(2007)      8.02585 -2.28171e-05
rec_dev_est(2008)      8.54529  3.58206e-05
rec_dev_est(2009)      6.80719  8.29704e-05
rec_dev_est(2010)      6.97907   0.00019441
rec_dev_est(2011)      6.38042  0.000120423
rec_dev_est(2012)      7.65319  0.000201699
rec_dev_est(2013)      7.20605  0.000145389
rec_dev_est(2014)      9.08583  4.89552e-05
rec_dev_est(2015)      9.39633 -0.000118028
rec_dev_est(2016)      9.54137 -2.79158e-05
rec_dev_est(2017)      6.17973 -1.16682e-05
rec_dev_est(2018)       4.1839 -5.84011e-06
rec_dev_est(2019)      3.29076 -1.35004e-05
rec_dev_est(2020)      5.74696  2.23186e-06
rec_dev_est(2021)      4.92491 -6.09586e-06
rec_dev_est(2022)      4.31421   1.0792e-05
logit_rec_prop_est(1982)       3.0535 -0.000195641
logit_rec_prop_est(1983)      4.34965 -0.000183405
logit_rec_prop_est(1984)    -0.448641   0.00197845
logit_rec_prop_est(1985)    -0.163676  0.000419488
logit_rec_prop_est(1986)     -2.70835  0.000354118
logit_rec_prop_est(1987)      1.23923  0.000423792
logit_rec_prop_est(1988)     -1.14272 -1.87658e-06
logit_rec_prop_est(1989)      1.84349  5.62301e-05
logit_rec_prop_est(1990)       2.0797 -0.000448453
logit_rec_prop_est(1991)      1.64257 -0.000517566
logit_rec_prop_est(1992)    -0.640522  -0.00102333
logit_rec_prop_est(1993)     -2.40666 -0.000614731
logit_rec_prop_est(1994)     -2.64816 -0.000345261
logit_rec_prop_est(1995)     -1.53643 -0.000302052
logit_rec_prop_est(1996)      2.16622 -0.000184699
logit_rec_prop_est(1997)      2.17564  0.000451348
logit_rec_prop_est(1998)     -2.73976 -4.03903e-05
logit_rec_prop_est(1999)     -1.22213  8.44518e-06
logit_rec_prop_est(2000)     0.108461 -0.000153745
logit_rec_prop_est(2001)      1.83716   0.00018399
logit_rec_prop_est(2002)     0.326565 -0.000983806
logit_rec_prop_est(2003)    -0.643587  -0.00301625
logit_rec_prop_est(2004)      1.39301  -0.00113831
logit_rec_prop_est(2005)    -0.929596 -0.000381716
logit_rec_prop_est(2006)      1.35786 -0.000193491
logit_rec_prop_est(2007)     0.424817  2.23944e-05
logit_rec_prop_est(2008)     -1.15236   0.00113074
logit_rec_prop_est(2009)    -0.890236  0.000663936
logit_rec_prop_est(2010)    -0.282943   0.00126563
logit_rec_prop_est(2011)    -0.250754  0.000814659
logit_rec_prop_est(2012)    0.0210933   0.00168566
logit_rec_prop_est(2013)       1.0006   0.00060533
logit_rec_prop_est(2014)     0.980987   0.00101164
logit_rec_prop_est(2015)    -0.453102  0.000152855
logit_rec_prop_est(2016)     -3.63897 -0.000171617
logit_rec_prop_est(2017)     -2.09735 -0.000159691
logit_rec_prop_est(2018)      1.09506 -0.000122819
logit_rec_prop_est(2019)     -1.40538 -9.48495e-05
logit_rec_prop_est(2020)    -0.705657 -0.000624166
logit_rec_prop_est(2021)     0.216665 -0.000265456
logit_rec_prop_est(2022)     0.794698  -7.9595e-05
m_dev_est[1]      1.78392 -0.000127497
m_dev_est[2]      0.90382 -5.72282e-05
m_dev_est[4]  3.06906e-08 -3.86928e-06
m_dev_est[5]      2.46623 -3.20775e-05
m_dev_est[7]     0.892654  4.04069e-05
m_dev_est[8]      1.81819  0.000142392
m_dev_est[10]      2.73322  4.77329e-05
m_dev_est[11]      1.73953  1.11307e-05
m_mat_mult[1]    -0.212732 -0.000836192
m_mat_mult[2]    0.0787843  0.000300829
